115.076923077
119.230769231
121.192307692
124.153846154
126.576923077
124.653846154
126.153846154
127.653846154
126.961538462
128.038461538
126.115384615
129.307692308
128.615384615
128.346153846
129.0
131.384615385
132.730769231
132.461538462
131.384615385
131.0
131.538461538
133.807692308
131.461538462
134.384615385
127.461538462
128.653846154
129.846153846
130.423076923
133.576923077
129.653846154
133.192307692
134.115384615
133.615384615
134.769230769
134.692307692
132.961538462
135.230769231
135.961538462
133.384615385
135.192307692
136.115384615
134.923076923
136.230769231
135.307692308
134.076923077
135.769230769
137.538461538
134.769230769
137.192307692
137.384615385
