134.243169241
188.0880375
151.097049193
159.826655751
136.862915302
171.246489584
126.132686368
152.13656791
165.535527432
169.952673611
169.952673611
208.142406992
208.142406992
178.273144804
168.885803109
202.263111978
140.325776857
144.978773275
158.030987705
187.650927997
66.4298938976
71.9633837989
73.9668511223
141.159784467
135.368941007
147.434963294
182.955946895
182.955946895
182.955946895
274.031576047
277.843121222
277.843121222
277.843121222
168.823664338
198.747525709
257.711967099
257.711967099
123.694726016
127.191620968
198.77534192
165.47504204
187.731233151
187.731233151
178.475217368
218.523277476
218.523277476
203.125675861
207.378758164
169.289005241
99.7756835025
101.908834239
107.335202911
184.567770986
192.118555128
158.27570604
243.685587942
243.685587942
243.685587942
168.462913507
244.759142059
305.858431035
305.858431035
323.272955126
340.693947344
340.693947344
340.693947344
340.693947344
340.693947344
340.693947344
340.693947344
340.693947344
340.693947344
340.693947344
340.693947344
340.693947344
340.693947344
340.693947344
340.693947344
184.621641076
186.376847555
189.719054383
246.791465914
246.791465914
298.240548119
298.240548119
298.240548119
298.240548119
298.240548119
298.240548119
98.3974419314
108.454121145
121.395602655
121.395602655
121.395602655
96.2308738378
100.05694197
199.873487714
199.873487714
172.929924572
172.929924572
222.470056312
220.273411708
264.685015335
264.685015335
324.1484204
324.1484204
207.060298195
232.147131229
251.18294822
183.544445904
207.320317514
211.811010077
211.811010077
213.408963431
185.845697904
190.312346178
223.94312399
184.512378905
184.512378905
184.512378905
141.869302185
179.91545244
179.91545244
242.767642464
233.390956932
235.77020518
235.77020518
235.77020518
235.77020518
235.77020518
235.77020518
235.77020518
184.554026608
184.554026608
197.204876204
197.204876204
197.204876204
204.009550607
231.980151272
231.980151272
153.739349506
152.223709146
149.430854451
109.704142769
164.292260975
185.314632752
185.314632752
329.421824846
329.421824846
329.421824846
329.421824846
329.421824846
329.421824846
329.421824846
329.421824846
329.421824846
329.421824846
329.421824846
329.421824846
329.421824846
329.421824846
329.421824846
329.421824846
329.421824846
329.421824846
329.421824846
329.421824846
329.421824846
329.421824846
329.421824846
329.421824846
329.421824846
329.421824846
329.421824846
329.421824846
329.421824846
329.421824846
329.421824846
329.421824846
329.421824846
329.421824846
329.421824846
329.421824846
329.421824846
329.421824846
329.421824846
329.421824846
329.421824846
329.421824846
329.421824846
329.421824846
329.421824846
329.421824846
329.421824846
329.421824846
329.421824846
329.421824846
329.421824846
329.421824846
