296.791812891
296.791812891
213.334887604
213.334887604
213.334887604
213.334887604
201.842610157
201.842610157
200.72284083
200.72284083
200.72284083
200.72284083
200.72284083
180.728127683
180.728127683
180.728127683
180.728127683
180.728127683
173.053370583
173.053370583
173.053370583
173.053370583
163.222021548
157.904974471
170.691010525
170.691010525
139.787707105
142.946315982
218.393616606
153.827823157
153.827823157
124.628983442
151.745322668
167.539341453
169.618779743
169.618779743
276.441443906
222.954858353
238.095604985
238.095604985
238.095604985
238.095604985
238.095604985
238.095604985
238.095604985
238.095604985
238.095604985
238.095604985
238.095604985
238.095604985
238.095604985
238.095604985
238.095604985
238.095604985
186.300250732
186.300250732
221.193364054
221.193364054
221.193364054
210.098565134
251.715646563
251.715646563
251.715646563
251.715646563
251.715646563
251.715646563
251.715646563
251.715646563
251.715646563
251.715646563
251.715646563
251.715646563
251.715646563
251.715646563
251.715646563
251.715646563
251.715646563
251.715646563
251.715646563
251.715646563
251.715646563
251.715646563
251.715646563
251.715646563
251.715646563
251.715646563
251.715646563
251.715646563
251.715646563
251.715646563
251.715646563
251.715646563
251.715646563
261.592510257
261.592510257
261.592510257
261.592510257
261.592510257
261.592510257
