167.961297541
167.456868188
149.016214217
149.016214217
129.811745576
191.096102692
173.72068473
173.72068473
173.72068473
53.5287149581
56.4314389706
56.4314389706
56.4314389706
56.4314389706
147.40564273
162.223999134
162.223999134
147.426641529
78.1987510256
73.3765632041
90.28189678
88.6321296101
95.6683037473
95.6683037473
95.6683037473
238.456665296
212.100843405
212.100843405
223.690154882
230.398088418
230.398088418
147.244603628
184.736204289
182.710022822
228.298983225
228.298983225
228.298983225
228.298983225
228.298983225
228.298983225
186.686299097
192.494908483
179.224213692
214.018132803
214.018132803
182.454744922
167.11245187
210.668657649
126.506367754
130.737149869
130.737149869
130.737149869
130.737149869
130.737149869
130.737149869
237.870046216
203.016996994
203.016996994
203.016996994
203.016996994
84.6600114823
141.124199268
157.799704825
147.81572233
258.346138707
270.898030713
270.898030713
270.898030713
270.898030713
270.898030713
270.898030713
270.898030713
270.898030713
157.41142722
191.81704205
240.338172403
240.338172403
238.863678216
207.263109056
360.65036685
364.498914541
364.498914541
364.498914541
364.498914541
364.498914541
364.498914541
364.498914541
364.498914541
364.498914541
364.498914541
364.498914541
364.498914541
364.498914541
364.498914541
364.498914541
364.498914541
364.498914541
364.498914541
364.498914541
364.498914541
364.498914541
364.498914541
364.498914541
364.498914541
364.498914541
364.498914541
364.498914541
364.498914541
364.498914541
364.498914541
364.498914541
364.498914541
364.498914541
364.498914541
364.498914541
364.498914541
364.498914541
364.498914541
364.498914541
364.498914541
364.498914541
364.498914541
364.498914541
364.498914541
364.498914541
364.498914541
364.498914541
364.498914541
364.498914541
364.498914541
288.845896376
288.845896376
347.028347404
347.028347404
347.028347404
347.028347404
347.028347404
347.028347404
347.028347404
347.028347404
347.028347404
347.028347404
347.028347404
68.1199643509
212.249127271
176.905601209
182.057898637
182.057898637
180.911410615
180.911410615
180.911410615
180.911410615
180.752027534
180.752027534
180.752027534
180.752027534
200.50131557
200.50131557
242.651185426
242.651185426
204.877301908
226.752415742
207.273821505
207.273821505
118.677552064
240.191156145
223.159873703
223.159873703
223.159873703
223.159873703
223.159873703
223.159873703
184.854937485
158.356547452
118.504238683
142.14922956
142.14922956
138.971274264
207.624251982
290.118817171
284.288873856
321.976406931
321.976406931
322.326140489
322.326140489
325.604395267
318.310408871
318.310408871
318.310408871
195.493145124
206.066040466
262.979069857
219.570420366
219.570420366
164.714024686
198.48567385
194.788081827
193.390936817
192.826049057
192.826049057
198.278387325
249.817519175
264.621358512
193.881213879
186.602929103
183.501397826
198.329009253
198.329009253
198.329009253
170.252248779
156.297473083
156.297473083
156.297473083
140.041083687
167.581721227
167.581721227
202.054629202
232.415929142
232.415929142
232.415929142
232.415929142
232.415929142
232.415929142
195.750229716
192.29513403
237.370557891
237.370557891
242.147041601
223.918854641
223.918854641
223.918854641
249.960147804
199.040358801
199.040358801
199.040358801
199.040358801
199.040358801
199.040358801
199.040358801
199.040358801
156.32639408
175.626938593
218.649911049
198.886383289
198.886383289
198.886383289
198.886383289
148.352370796
152.403116265
152.403116265
158.666070223
249.719259624
249.719259624
249.719259624
249.719259624
249.719259624
249.719259624
222.360934152
222.360934152
194.384985682
194.384985682
199.565332112
199.565332112
204.331971384
204.331971384
204.331971384
231.924242556
265.609779249
268.053805979
228.468297938
241.501360041
270.27802853
270.27802853
270.27802853
270.27802853
270.27802853
270.27802853
270.27802853
199.319370568
210.140805762
210.140805762
210.140805762
184.90331244
198.351608771
186.214252527
223.421699221
223.421699221
250.975196371
269.057840157
269.057840157
280.64602544
280.64602544
280.64602544
280.64602544
280.64602544
280.64602544
280.64602544
280.64602544
280.64602544
280.64602544
280.64602544
280.64602544
280.64602544
280.64602544
280.64602544
280.64602544
280.64602544
280.64602544
280.64602544
280.64602544
280.64602544
280.64602544
280.64602544
280.64602544
280.64602544
280.64602544
280.64602544
280.64602544
280.64602544
280.64602544
280.64602544
280.64602544
280.64602544
280.64602544
280.64602544
280.64602544
280.64602544
280.64602544
233.381899683
227.528323598
227.528323598
227.528323598
227.528323598
227.528323598
227.528323598
227.528323598
227.528323598
227.528323598
227.528323598
227.528323598
227.528323598
247.113273034
247.113273034
247.113273034
247.113273034
237.371812143
237.371812143
237.371812143
237.371812143
237.371812143
292.778060198
292.778060198
292.778060198
292.778060198
292.778060198
292.778060198
292.778060198
292.778060198
292.778060198
292.778060198
292.778060198
292.778060198
292.778060198
292.778060198
292.778060198
292.778060198
292.778060198
292.778060198
292.778060198
292.778060198
292.778060198
292.778060198
292.778060198
292.778060198
292.778060198
292.778060198
292.778060198
292.778060198
292.778060198
292.778060198
292.778060198
292.778060198
292.778060198
292.778060198
292.778060198
292.778060198
292.778060198
292.778060198
292.778060198
292.778060198
292.778060198
292.778060198
292.778060198
292.778060198
292.778060198
292.778060198
292.778060198
292.778060198
292.778060198
