145.413436987
126.769083124
151.513070638
159.346636871
153.059957098
132.495728114
161.338490081
182.905324607
160.094267429
193.350414335
193.932268678
207.011598652
193.810363632
193.810363632
193.810363632
194.681577191
154.832640903
154.832640903
143.756911293
147.782783845
240.354629208
240.354629208
240.354629208
216.856006298
216.856006298
216.856006298
197.521107218
197.521107218
177.502353467
179.292822728
179.292822728
183.924460902
227.857638461
42.3442475153
42.3442475153
41.4134557615
39.6766628805
38.0608172225
188.526837267
188.526837267
188.526837267
197.110997909
197.175073364
227.826816689
228.829369648
248.998961667
242.433589206
242.433589206
209.464488956
215.853527951
202.210943467
211.554375398
211.554375398
211.554375398
211.554375398
239.757726742
244.766391287
244.766391287
244.766391287
244.766391287
252.483872432
238.048876397
285.3011707
285.3011707
285.3011707
285.3011707
276.476724969
124.450525542
135.135629673
135.135629673
135.135629673
135.135629673
135.135629673
146.294082658
146.294082658
159.52312792
150.83219799
155.622810681
136.882498835
136.882498835
75.6803393417
72.1942238677
72.8313278346
146.751978255
151.701242677
152.847005457
142.767008367
175.697259039
129.335019551
129.335019551
133.10742963
133.10742963
247.745996351
247.745996351
247.745996351
278.603548593
278.603548593
278.603548593
252.0922052
252.0922052
223.438221213
223.438221213
84.9988214901
84.9988214901
77.0956684664
88.6161464101
79.1363218237
83.2437734727
88.2176607585
168.840751476
174.111049523
174.111049523
193.401235455
126.782908832
166.166514761
256.195223345
256.195223345
256.195223345
256.195223345
256.195223345
256.195223345
256.195223345
256.195223345
256.195223345
202.173739469
208.371077649
208.371077649
208.371077649
208.371077649
230.415675587
230.415675587
184.254123956
184.462703175
209.832567255
194.482864653
190.988056931
198.063583255
215.088775555
215.088775555
282.891107652
186.193225738
242.320410552
242.320410552
221.844622872
295.260727504
188.498857583
188.498857583
196.943036295
282.590724506
282.590724506
282.590724506
282.590724506
282.590724506
282.590724506
282.590724506
282.590724506
282.590724506
282.590724506
282.590724506
282.590724506
282.590724506
282.590724506
145.382690085
231.593417882
219.57213529
219.57213529
219.57213529
219.57213529
219.57213529
219.57213529
26.7367734945
27.3412661245
99.5804910214
289.305986716
289.305986716
289.305986716
310.545924215
298.937762575
274.59409838
240.609769955
318.500047859
239.317707018
209.145430402
225.243438589
225.243438589
163.249223635
163.249223635
163.249223635
151.016853327
151.016853327
151.016853327
156.624034241
160.95784357
147.962156559
147.962156559
162.226747659
171.990403859
168.910864671
220.099549347
208.554830955
254.673248446
254.673248446
276.705555768
278.674016209
278.674016209
278.674016209
244.766263782
244.766263782
244.766263782
244.766263782
311.334766818
291.394852204
291.394852204
291.394852204
291.394852204
291.394852204
219.358291228
219.358291228
219.358291228
221.367471706
222.385216728
222.385216728
222.385216728
217.522345198
247.051157901
247.051157901
274.63864703
274.63864703
191.748638136
194.476875201
181.997791598
191.371414065
191.371414065
191.371414065
195.662321844
195.662321844
248.587508426
250.676792825
154.33905531
154.33905531
175.285052706
190.141552701
190.141552701
190.141552701
190.141552701
190.141552701
190.141552701
190.141552701
190.141552701
144.646110976
156.272619374
175.699705001
175.699705001
173.490626875
203.434002137
203.434002137
203.434002137
201.887456591
237.120216282
210.850607151
224.891034339
243.535316834
254.263016784
263.892146027
237.860101363
224.253864132
224.253864132
223.440433579
326.7153215
326.7153215
326.7153215
326.7153215
326.7153215
326.7153215
326.7153215
326.7153215
326.7153215
326.7153215
326.7153215
326.7153215
326.7153215
326.7153215
326.7153215
326.7153215
326.7153215
326.7153215
326.7153215
326.7153215
326.7153215
326.7153215
326.7153215
326.7153215
326.7153215
326.7153215
326.7153215
326.7153215
326.7153215
326.7153215
326.7153215
326.7153215
326.7153215
326.7153215
326.7153215
326.7153215
326.7153215
326.7153215
326.7153215
326.7153215
326.7153215
326.7153215
326.7153215
326.7153215
326.7153215
326.7153215
326.7153215
326.7153215
326.7153215
326.7153215
326.7153215
326.7153215
326.7153215
326.7153215
326.7153215
326.7153215
326.7153215
326.7153215
326.7153215
326.7153215
326.7153215
326.7153215
326.7153215
326.7153215
326.7153215
326.7153215
326.7153215
326.7153215
326.7153215
326.7153215
326.7153215
326.7153215
326.7153215
326.7153215
326.7153215
246.506621487
246.506621487
252.105618023
252.105618023
225.356324832
225.356324832
225.356324832
225.356324832
204.018052256
190.15356733
190.15356733
190.15356733
213.840917698
234.411926111
234.411926111
181.401946092
210.213898587
197.209200323
209.334447164
209.334447164
209.334447164
209.334447164
209.334447164
209.334447164
209.334447164
209.334447164
209.334447164
209.334447164
209.334447164
237.603744295
233.277266026
264.210795299
264.210795299
252.320002162
252.320002162
252.320002162
252.320002162
252.320002162
252.320002162
252.320002162
252.320002162
252.320002162
195.992397647
195.992397647
195.992397647
148.786422956
187.905031478
187.905031478
187.905031478
188.1623296
230.679757654
258.676889933
258.676889933
258.676889933
258.676889933
258.676889933
258.676889933
258.676889933
205.823034306
205.823034306
205.823034306
205.865125211
205.865125211
206.958402328
206.646610095
206.646610095
206.646610095
188.436950266
169.586068543
171.267255289
190.332655771
191.46751094
172.066349206
287.939250303
287.939250303
287.939250303
287.939250303
287.939250303
287.939250303
287.939250303
287.939250303
287.939250303
287.939250303
287.939250303
287.939250303
287.939250303
287.939250303
287.939250303
287.939250303
287.939250303
287.939250303
287.939250303
287.939250303
287.939250303
287.939250303
287.939250303
287.939250303
287.939250303
287.939250303
287.939250303
287.939250303
287.939250303
287.939250303
287.939250303
287.939250303
287.939250303
287.939250303
287.939250303
287.939250303
287.939250303
287.939250303
287.939250303
287.939250303
287.939250303
287.939250303
287.939250303
287.939250303
287.939250303
287.939250303
287.939250303
287.939250303
287.939250303
287.939250303
287.939250303
287.939250303
287.939250303
287.939250303
287.939250303
284.444634165
284.444634165
309.642876324
309.642876324
298.600631909
298.600631909
298.600631909
298.600631909
298.600631909
298.600631909
298.600631909
298.600631909
298.600631909
298.600631909
298.600631909
298.600631909
298.600631909
298.600631909
298.600631909
298.600631909
298.600631909
298.600631909
298.600631909
283.050803954
301.460286127
301.460286127
301.460286127
301.460286127
301.460286127
301.460286127
301.460286127
301.460286127
301.460286127
301.460286127
301.460286127
301.460286127
301.460286127
301.460286127
301.460286127
301.460286127
301.460286127
350.117731074
350.117731074
350.117731074
350.117731074
358.181293432
358.181293432
358.181293432
358.181293432
358.181293432
358.181293432
358.181293432
358.181293432
358.181293432
358.181293432
358.181293432
358.181293432
358.181293432
358.181293432
358.181293432
358.181293432
358.181293432
358.181293432
358.181293432
358.181293432
358.181293432
358.181293432
358.181293432
358.181293432
358.181293432
358.181293432
358.181293432
358.181293432
358.181293432
358.181293432
358.181293432
358.181293432
358.181293432
358.181293432
358.181293432
358.181293432
358.181293432
358.181293432
358.181293432
358.181293432
358.181293432
358.181293432
358.181293432
358.181293432
358.181293432
358.181293432
358.181293432
358.181293432
358.181293432
358.181293432
358.181293432
358.181293432
358.181293432
358.181293432
358.181293432
358.181293432
358.181293432
358.181293432
358.181293432
358.181293432
358.181293432
358.181293432
358.181293432
358.181293432
358.181293432
358.181293432
358.181293432
358.181293432
358.181293432
358.181293432
358.181293432
358.181293432
358.181293432
358.181293432
358.181293432
358.181293432
358.181293432
358.181293432
358.181293432
358.181293432
358.181293432
358.181293432
358.181293432
