205.389394688
205.389394688
159.148760953
192.884031552
192.884031552
178.734204454
156.80461013
213.288237748
253.157701905
211.091405464
211.091405464
211.091405464
161.36535093
192.398106781
195.498923104
239.369555181
242.47446872
242.47446872
242.47446872
242.47446872
158.394232642
162.944006273
180.575934298
150.52702054
154.875745838
154.875745838
154.875745838
148.890580241
189.117449822
189.117449822
189.117449822
167.116655802
167.116655802
167.116655802
167.116655802
167.116655802
167.116655802
119.12262034
130.734363924
130.734363924
136.850779273
163.646469201
147.004468627
171.712228973
182.555567004
166.696003638
166.696003638
140.654662372
140.654662372
140.654662372
140.654662372
134.923133649
116.947408383
126.51120388
137.771683443
124.346366182
156.319397466
156.319397466
156.319397466
156.319397466
156.319397466
156.319397466
156.319397466
68.4658888808
68.4658888808
331.097493651
331.097493651
331.097493651
196.170890712
228.073426122
246.72473396
250.700782595
250.700782595
175.414748948
175.414748948
175.414748948
175.414748948
175.414748948
210.427513438
210.427513438
143.372422108
143.372422108
143.372422108
143.372422108
209.197840087
304.112415472
304.112415472
304.112415472
304.112415472
304.112415472
304.112415472
228.769685122
228.887823921
243.527286389
243.527286389
243.527286389
216.291333077
203.558903384
208.204341033
209.841549948
206.466866888
206.466866888
206.466866888
206.466866888
206.466866888
242.583760875
217.012479484
321.364657231
296.980439641
236.500707575
146.791096154
213.961014789
282.146353946
335.377535926
335.377535926
335.377535926
386.586512483
386.586512483
386.586512483
386.586512483
386.586512483
386.586512483
386.586512483
386.586512483
386.586512483
386.586512483
386.586512483
386.586512483
386.586512483
386.586512483
386.586512483
386.586512483
386.586512483
386.586512483
386.586512483
386.586512483
386.586512483
386.586512483
386.586512483
386.586512483
386.586512483
386.586512483
386.586512483
386.586512483
156.927958995
147.306648868
155.629033834
153.010614181
153.010614181
123.565626847
153.769973061
179.577994492
206.081011318
183.556314399
183.556314399
183.556314399
153.579554879
236.289847006
236.289847006
236.289847006
236.289847006
236.289847006
236.289847006
236.289847006
77.2122705992
75.9025400745
70.568277101
200.188469053
256.14543223
256.14543223
256.14543223
256.14543223
256.14543223
256.14543223
256.14543223
256.14543223
256.14543223
209.567903132
111.499505011
111.499505011
111.499505011
136.041904361
140.460090528
143.34318408
177.726378237
204.130762898
204.130762898
185.620631394
158.124945031
206.751309213
124.684940432
126.114003757
122.56552656
205.327772649
181.386946935
189.097765773
184.186810096
223.367349766
223.367349766
223.367349766
223.367349766
223.367349766
178.538927809
178.538927809
221.264649237
221.264649237
222.241707155
220.256471616
220.256471616
223.272836568
236.210060292
258.37918126
258.37918126
258.37918126
270.474322009
270.474322009
108.325136871
110.555574913
114.773424649
120.317879365
126.09503354
141.552309477
141.552309477
141.552309477
141.552309477
137.072395098
137.072395098
137.072395098
111.662143703
126.647469795
126.647469795
126.647469795
139.501207241
129.808161958
166.852279108
184.110991131
184.110991131
184.110991131
184.110991131
184.110991131
184.110991131
122.963403053
187.063490155
155.983505016
155.983505016
138.939846992
138.939846992
138.939846992
172.73669505
181.147185688
238.021783554
249.544873654
249.544873654
220.070088901
231.591473396
227.657540926
227.657540926
227.657540926
227.657540926
190.820175411
191.982607335
202.965010481
198.108693105
198.108693105
184.41924127
161.340261082
195.579144851
195.579144851
208.757398008
208.757398008
208.757398008
230.762168809
232.284814383
233.45881539
186.789350689
199.703392584
227.014505015
227.014505015
227.014505015
227.014505015
227.014505015
227.014505015
227.014505015
227.014505015
227.014505015
109.898891007
101.971639409
101.971639409
206.789182324
206.789182324
206.789182324
206.789182324
206.789182324
206.789182324
206.789182324
61.9231641717
65.1224876054
65.1224876054
65.1224876054
67.6652057613
67.6652057613
151.532637629
151.532637629
157.968748666
157.968748666
145.809434117
145.797726255
162.577173858
165.132544864
225.703816798
112.638061062
136.55802597
117.666068675
112.917863218
133.231429517
133.231429517
134.813240443
134.813240443
134.813240443
134.813240443
86.4465717764
85.814108127
78.52325571
186.219041886
183.614892141
185.539110763
185.539110763
185.539110763
185.539110763
185.539110763
185.539110763
185.539110763
185.539110763
234.548171603
234.548171603
260.730563541
260.730563541
250.777655293
274.830624494
274.830624494
274.830624494
274.830624494
274.830624494
274.830624494
274.830624494
274.830624494
274.830624494
274.830624494
274.830624494
274.830624494
217.460100708
202.971718215
224.007972046
224.608785906
180.976574172
144.610650481
204.221251485
201.087382393
214.445229527
214.445229527
214.445229527
214.445229527
214.445229527
214.445229527
214.445229527
214.445229527
224.663263532
205.774977614
218.139987735
214.458457188
214.458457188
214.458457188
214.458457188
214.458457188
214.458457188
217.403339419
250.067000903
264.570486808
264.570486808
264.570486808
216.832483718
216.832483718
244.702793788
240.741534288
240.741534288
151.103728338
151.103728338
167.143076108
41.2687363241
41.2687363241
41.2687363241
32.3804061519
41.4947677481
41.4947677481
41.4947677481
41.4947677481
41.4947677481
32.9220410328
32.9220410328
31.0726293818
93.7351064366
84.4989540297
87.5198598082
206.493033176
206.493033176
186.926976627
272.125578701
272.125578701
272.125578701
272.125578701
272.125578701
272.125578701
272.125578701
272.125578701
272.125578701
145.805597279
145.249472858
147.759761811
147.759761811
143.914901628
90.5563573583
104.989515246
85.1969848465
131.505784154
184.666701985
184.666701985
184.666701985
184.666701985
184.666701985
184.666701985
184.666701985
184.666701985
184.666701985
184.666701985
184.666701985
184.666701985
184.666701985
75.9179739056
175.139455672
171.707904585
136.791751981
110.425014016
164.382591688
179.321435018
203.908526613
203.908526613
191.425781794
217.366628463
217.366628463
174.134498931
215.299123902
215.299123902
201.433527365
218.345178503
220.591471136
234.622006245
234.622006245
234.622006245
234.622006245
234.622006245
222.900552391
222.900552391
222.900552391
93.7095707361
171.965636956
154.370590799
154.370590799
158.134301171
163.781277345
174.109223101
174.109223101
228.661230661
228.661230661
261.298939797
261.298939797
261.298939797
261.298939797
261.298939797
261.298939797
261.298939797
261.298939797
261.298939797
261.298939797
261.298939797
261.298939797
261.298939797
261.298939797
261.298939797
261.298939797
261.298939797
261.298939797
261.298939797
261.298939797
149.02320794
137.484856804
144.150645207
144.150645207
145.374755837
145.374755837
145.374755837
145.374755837
145.374755837
172.379621406
205.46622905
255.428792119
255.428792119
246.873452636
184.421047651
184.421047651
184.421047651
177.559886477
223.615813636
233.001235908
237.386204654
235.971695245
235.971695245
236.590280243
206.584767356
206.584767356
111.932606934
111.932606934
92.832576305
94.8892631235
102.983511183
104.174145057
112.123078636
195.908909863
195.908909863
195.908909863
195.908909863
195.908909863
162.174816869
162.174816869
162.174816869
152.962809553
152.962809553
152.962809553
135.483521878
135.483521878
198.569773953
255.32547749
255.32547749
266.132581567
310.302773116
310.302773116
310.302773116
310.302773116
310.302773116
310.302773116
310.302773116
162.744666187
255.904445928
231.92186947
240.520338873
273.607595521
241.040873798
241.040873798
241.040873798
241.040873798
241.040873798
241.040873798
241.040873798
241.040873798
241.040873798
241.040873798
241.040873798
210.771893385
210.771893385
275.331001687
205.763087033
233.598246142
253.626717834
240.756662669
240.756662669
240.756662669
240.756662669
240.756662669
240.756662669
240.756662669
240.756662669
241.530877214
241.530877214
241.530877214
241.530877214
241.530877214
241.530877214
241.530877214
241.530877214
241.530877214
261.657450445
251.85550897
251.85550897
257.413872789
257.413872789
257.413872789
257.413872789
257.413872789
257.413872789
257.413872789
209.804584862
331.654309366
331.654309366
337.503604961
337.503604961
293.904859154
295.304846315
295.304846315
295.304846315
295.304846315
295.304846315
262.529234638
269.001559382
269.001559382
269.001559382
269.001559382
269.001559382
221.993306312
232.224541446
208.397024222
215.293370969
209.588122184
248.706486632
252.061999615
252.061999615
252.061999615
190.449052343
227.608472533
227.608472533
227.608472533
227.608472533
290.038051568
290.038051568
290.038051568
290.038051568
290.038051568
290.038051568
290.038051568
290.038051568
290.038051568
290.038051568
290.038051568
290.038051568
281.389858729
281.389858729
281.389858729
268.326350469
285.56390446
290.853235502
290.853235502
290.853235502
290.853235502
290.853235502
290.853235502
290.853235502
290.853235502
290.853235502
247.257596817
247.257596817
251.931602092
252.313446101
238.186062949
238.186062949
238.186062949
238.186062949
238.186062949
113.673867879
123.169347808
123.169347808
228.428071224
229.155402208
229.155402208
229.155402208
189.383022288
189.383022288
173.751977063
175.836793224
178.207914959
178.207914959
178.207914959
178.207914959
21.8950128158
25.7670762151
25.8626587811
29.9568676254
27.6473276127
27.6473276127
233.257557022
225.874093205
225.874093205
264.602990917
265.399483699
240.546444674
240.546444674
240.546444674
240.546444674
240.546444674
240.546444674
240.546444674
221.381279806
221.381279806
221.381279806
221.381279806
221.381279806
242.711318349
248.940707002
259.430470367
259.430470367
276.018239684
276.018239684
276.018239684
276.018239684
276.018239684
268.184862826
263.135553698
268.90962803
268.90962803
268.90962803
268.90962803
268.90962803
268.90962803
268.90962803
268.90962803
268.90962803
222.608354883
211.037110027
211.037110027
211.037110027
211.037110027
211.037110027
211.037110027
211.037110027
211.037110027
211.037110027
211.037110027
211.037110027
211.037110027
211.037110027
211.037110027
211.037110027
223.788990203
217.574404465
187.214606152
205.493879084
175.03197287
223.142614092
223.142614092
179.989681991
179.989681991
196.34445357
196.34445357
196.34445357
196.34445357
229.600745643
229.600745643
229.600745643
229.600745643
229.600745643
229.600745643
229.600745643
229.600745643
229.600745643
229.600745643
229.600745643
229.600745643
229.600745643
229.600745643
229.600745643
229.600745643
229.600745643
229.600745643
229.600745643
229.600745643
229.600745643
229.600745643
229.600745643
229.600745643
229.600745643
229.600745643
229.600745643
229.600745643
229.600745643
229.600745643
229.600745643
229.600745643
229.600745643
229.600745643
229.600745643
229.600745643
229.600745643
229.600745643
205.358387109
195.696286587
195.696286587
195.696286587
195.696286587
195.696286587
195.696286587
195.696286587
195.696286587
232.255344878
232.255344878
232.255344878
232.255344878
232.255344878
232.255344878
232.255344878
241.687840555
241.687840555
241.687840555
241.687840555
241.687840555
241.687840555
241.687840555
241.687840555
241.687840555
241.687840555
241.687840555
241.687840555
241.687840555
241.687840555
241.687840555
241.687840555
241.687840555
241.687840555
241.687840555
241.687840555
241.687840555
241.687840555
241.687840555
241.687840555
241.687840555
241.687840555
241.687840555
241.687840555
241.687840555
241.687840555
241.687840555
241.687840555
241.687840555
241.687840555
241.687840555
241.687840555
241.687840555
241.687840555
241.687840555
241.687840555
241.687840555
241.687840555
279.823183203
284.117249938
284.117249938
284.117249938
284.117249938
284.117249938
284.117249938
284.117249938
284.117249938
284.117249938
284.117249938
284.117249938
284.117249938
284.117249938
284.117249938
284.117249938
284.117249938
284.117249938
284.117249938
284.117249938
284.117249938
284.117249938
282.5082017
282.5082017
282.5082017
282.5082017
282.5082017
282.5082017
282.5082017
282.5082017
282.5082017
282.5082017
282.5082017
282.5082017
282.5082017
282.5082017
282.5082017
282.5082017
282.5082017
282.5082017
282.5082017
282.5082017
282.5082017
281.315840704
281.315840704
281.315840704
281.315840704
281.315840704
281.315840704
281.315840704
281.315840704
281.315840704
281.315840704
281.315840704
281.315840704
281.315840704
281.315840704
281.315840704
281.315840704
281.315840704
281.315840704
281.315840704
281.315840704
281.315840704
281.315840704
281.315840704
281.315840704
281.315840704
281.315840704
281.315840704
281.315840704
281.315840704
281.315840704
281.315840704
281.315840704
281.315840704
281.315840704
281.315840704
281.315840704
281.315840704
281.315840704
281.315840704
281.315840704
281.315840704
281.315840704
281.315840704
281.315840704
281.315840704
281.315840704
281.315840704
281.315840704
281.315840704
281.315840704
281.315840704
281.315840704
281.315840704
281.315840704
281.315840704
281.315840704
281.315840704
281.315840704
281.315840704
281.315840704
281.315840704
281.315840704
281.315840704
281.315840704
281.315840704
281.315840704
281.315840704
281.315840704
281.315840704
281.315840704
281.315840704
281.315840704
281.315840704
281.315840704
281.315840704
281.315840704
281.315840704
281.315840704
281.315840704
281.315840704
281.315840704
281.315840704
281.315840704
281.315840704
281.315840704
281.315840704
281.315840704
281.315840704
281.315840704
281.315840704
281.315840704
281.315840704
281.315840704
281.315840704
281.315840704
281.315840704
281.315840704
281.315840704
281.315840704
281.315840704
281.315840704
281.315840704
281.315840704
281.315840704
281.315840704
281.315840704
281.315840704
281.315840704
