242.127324389
242.127324389
242.127324389
242.127324389
242.127324389
242.127324389
242.127324389
242.127324389
242.127324389
242.127324389
242.127324389
242.127324389
242.127324389
242.127324389
248.481880938
295.629159277
295.629159277
295.629159277
295.629159277
295.629159277
295.629159277
295.629159277
295.629159277
295.629159277
295.629159277
295.629159277
295.629159277
295.629159277
295.629159277
295.629159277
295.629159277
295.629159277
295.629159277
295.629159277
295.629159277
295.629159277
295.629159277
295.629159277
295.629159277
295.629159277
295.629159277
295.629159277
295.629159277
295.629159277
295.629159277
295.629159277
295.629159277
295.629159277
297.651008977
